[gd_scene load_steps=13 format=3 uid="uid://4uovcpu4sycb"]

[ext_resource type="Texture2D" uid="uid://be7oidjd3ukcj" path="res://assets/kenney_prototype-textures/Vector/texture_09.svg" id="1_s148i"]
[ext_resource type="Texture2D" uid="uid://sphh7xiv6leq" path="res://assets/kenney_prototype-textures/PNG/Orange/texture_09.png" id="2_1xc1u"]
[ext_resource type="Texture2D" uid="uid://114qrtia6gdj" path="res://assets/kenney_prototype-textures/PNG/Purple/texture_09.png" id="3_f5qft"]
[ext_resource type="Texture2D" uid="uid://fbhonm4s06jt" path="res://assets/kenney_prototype-textures/PNG/Green/texture_09.png" id="4_2bokc"]
[ext_resource type="PackedScene" uid="uid://crkllfptcmky1" path="res://scenes/player.tscn" id="5_cal70"]

[sub_resource type="ProceduralSkyMaterial" id="ProceduralSkyMaterial_52ow5"]
sky_top_color = Color(0.6, 0.396078, 0.239216, 1)
sky_horizon_color = Color(0.7, 0.64127, 0.593054, 1)
ground_horizon_color = Color(0.7, 0.64127, 0.593054, 1)

[sub_resource type="Sky" id="Sky_qqojj"]
sky_material = SubResource("ProceduralSkyMaterial_52ow5")

[sub_resource type="Environment" id="Environment_jvdmx"]
background_mode = 2
sky = SubResource("Sky_qqojj")
tonemap_mode = 2
sdfgi_enabled = true
glow_enabled = true
fog_enabled = true
fog_density = 0.001

[sub_resource type="StandardMaterial3D" id="StandardMaterial3D_jseox"]
albedo_texture = ExtResource("1_s148i")
uv1_triplanar = true
uv1_world_triplanar = true

[sub_resource type="StandardMaterial3D" id="StandardMaterial3D_mdpv3"]
albedo_texture = ExtResource("2_1xc1u")

[sub_resource type="StandardMaterial3D" id="StandardMaterial3D_yluk7"]
albedo_texture = ExtResource("3_f5qft")
uv1_triplanar = true

[sub_resource type="StandardMaterial3D" id="StandardMaterial3D_xghkw"]
albedo_texture = ExtResource("4_2bokc")
uv1_triplanar = true

[node name="world" type="Node3D"]

[node name="WorldEnvironment" type="WorldEnvironment" parent="."]
environment = SubResource("Environment_jvdmx")

[node name="DirectionalLight3D" type="DirectionalLight3D" parent="."]
transform = Transform3D(-0.866025, -0.433013, 0.25, 0, 0.5, 0.866025, -0.5, 0.75, -0.433013, 0, 0, 0)
light_color = Color(1, 1, 0.917647, 1)
shadow_enabled = true

[node name="map" type="Node3D" parent="."]

[node name="floor" type="CSGBox3D" parent="map"]
transform = Transform3D(1, 0, 0, 0, 1, 0, 0, 0, 1, 0, -0.5, 0)
material_override = SubResource("StandardMaterial3D_jseox")
use_collision = true
size = Vector3(1000, 1, 1000)

[node name="orange_box" type="CSGBox3D" parent="map"]
transform = Transform3D(0.901568, 0, -0.432637, 0, 1, 0, 0.432637, 0, 0.901568, -3.79813, 0.5, -2.30062)
material_override = SubResource("StandardMaterial3D_mdpv3")
use_collision = true

[node name="purple_box" type="CSGBox3D" parent="map"]
transform = Transform3D(-0.963055, 0, -0.269306, 0, 1, 0, 0.269306, 0, -0.963055, 0, 1, -6.19909)
material_override = SubResource("StandardMaterial3D_yluk7")
use_collision = true
size = Vector3(5, 2, 1.5)

[node name="green_box" type="CSGBox3D" parent="map"]
transform = Transform3D(-0.460603, 0, -0.887606, 0, 1, 0, 0.887606, 0, -0.460603, 3.89291, 0.948274, -3.55115)
material_override = SubResource("StandardMaterial3D_xghkw")
use_collision = true
size = Vector3(3, 4, 1)

[node name="Player" parent="." instance=ExtResource("5_cal70")]
transform = Transform3D(1, 0, 0, 0, 1, 0, 0, 0, 1, -1.67528, 0, 3.26483)
